"Clear-text storage of sensitive information","Sensitive information stored without encryption or hashing can expose it to an attacker.","error","This expression stores [[""sensitive data (password)""|""relative:///modoboa_installer/scripts/backup.py:217:24:217:62""]] as clear text.
This expression stores [[""sensitive data (password)""|""relative:///modoboa_installer/database.py:79:60:79:69""]] as clear text.
This expression stores [[""sensitive data (password)""|""relative:///modoboa_installer/database.py:125:45:125:52""]] as clear text.
This expression stores [[""sensitive data (password)""|""relative:///modoboa_installer/database.py:142:45:142:54""]] as clear text.
This expression stores [[""sensitive data (password)""|""relative:///modoboa_installer/database.py:149:45:149:54""]] as clear text.
This expression stores [[""sensitive data (password)""|""relative:///modoboa_installer/database.py:79:71:79:74""]] as clear text.
This expression stores [[""sensitive data (password)""|""relative:///modoboa_installer/scripts/dovecot.py:109:26:109:65""]] as clear text.","/modoboa_installer/database.py","135","22","136","41"
